2207,1
2207,3
0,217
0,475
2,1
2,128
0,216
0,445
2264,5
2264,4
2264,2
2264,1
2264,3
0,215
0,314
16,1
16,3
5,1
5,3
6,1
6,4
19,1
19,3
0,213
0,363
0,212
0,330
0,211
2299,4
2299,3
2299,2
0,429
2299,1
2299,0
0,208
0,485
0,465
0,210
0,464
0,243
0,209
0,206
0,361
0,205
0,329
0,204
2298,4
2298,3
2298,2
0,356
2298,1
2298,0
0,201
0,484
0,203
0,353
0,202
0,395
0,199
0,495
0,198
0,467
0,197
2297,4
2297,3
2297,2
0,358
2297,1
2297,0
0,453
1,0
1,5
0,194
0,357
0,310
0,196
0,394
0,195
0,318
0,339
0,333
0,385
0,1
0,349
0,430
0,437
0,373
0,442
0,404
0,380
0,375
0,448
0,309
0,192
0,300
0,494
0,299
0,381
2,106
2,3
0,346
0,298
0,383
0,63
0,297
0,327
0,390
0,296
0,386
1,7
1,3
0,295
0,294
0,352
0,293
0,435
0,292
0,412
0,291
0,62
0,304
0,303
0,458
0,290
0,511
2296,5
0,289
0,343
0,288
0,287
2296,4
0,350
0,286
0,411
0,415
0,285
2296,3
2296,2
0,434
0,12
0,378
0,11
0,340
0,307
0,384
0,308
0,482
0,455
0,10
0,439
0,9
0,284
0,483
0,459
0,8
2296,1
2296,0
0,510
0,283
0,427
0,282
0,409
0,281
0,7
0,280
0,425
0,279
0,493
15,3
0,278
0,0
0,59
0,432
0,277
0,508
0,276
0,325
0,61
0,275
0,488
0,274
0,60
0,273
0,311
2295,4
2295,3
2295,2
2295,1
2295,0
0,462
2294,4
2294,3
2294,2
2294,1
2294,0
0,457
2293,4
2293,3
2293,2
2293,1
2293,0
2292,4
2292,3
2292,2
2292,1
2292,0
2291,4
2291,3
2291,2
2291,1
2291,0
2290,6
0,405
2290,5
2290,4
2290,3
2290,2
2290,1
2290,0
2289,5
2289,4
2289,3
2289,2
2289,1
2289,0
0,422
2288,6
2288,5
2288,4
2288,3
2288,2
2288,1
2288,0
2287,6
2287,5
2287,4
2287,3
2287,2
2287,1
2287,0
2286,4
2286,3
2286,2
0,509
2286,1
2286,0
0,489
0,387
2285,4
2285,3
